Difficulty: 0
Dim_x: 5.382179260253906
Dim_y: 2.0
Dim_z: 1.7000000476837158
Num_of_points: 16
Pose_x: 41.68925857543945
Pose_y: 14.777131080627441
Pose_z: 0.8587256669998169
Velocity: 0.0
Yaw: -3.1032884110829992
class_name: Car
