Difficulty: 0
Dim_x: 12.238201141357422
Dim_y: 2.8887476921081543
Dim_z: 3.0471696853637695
Num_of_points: 0
Pose_x: 93.12627410888672
Pose_y: 3.326549530029297
Pose_z: 1.4831360578536987
Velocity: 0.0
Yaw: 0.0
class_name: Truck
